  
        PROGRAM ATOM
        ------------
 reading input file...
  LMAX = 2
  OCCU( 1 , 0 ) =  2.
  OCCU( 2 , 0 ) =  1.
  OCCU( 1 , 1 ) =  6.
  OCCU( 1 , 2 ) =  5.
  NALPHA( 0 ) =  7
  GAUS( 1 , 0 ) =  3.364206621861
  GAUS( 2 , 0 ) =  3.3957908339349996
  GAUS( 3 , 0 ) =  1.4654795075639997
  GAUS( 4 , 0 ) =  0.6866985244550001
  GAUS( 5 , 0 ) =  0.29993482966800006
  GAUS( 6 , 0 ) =  0.118280475103
  GAUS( 7 , 0 ) =  0.04244698038699999
  ALPP( 1 , 0 ) =  1
  ALPP( 2 , 0 ) =  2
  ALPP( 3 , 0 ) =  3
  ALPP( 4 , 0 ) =  4
  ALPP( 5 , 0 ) =  5
  ALPP( 6 , 0 ) =  6
  ALPP( 7 , 0 ) =  7
  NALPHA( 1 ) =  7
  GAUS( 1 , 1 ) =  3.364206621861
  GAUS( 2 , 1 ) =  3.3957908339349996
  GAUS( 3 , 1 ) =  1.4654795075639997
  GAUS( 4 , 1 ) =  0.6866985244550001
  GAUS( 5 , 1 ) =  0.29993482966800006
  GAUS( 6 , 1 ) =  0.118280475103
  GAUS( 7 , 1 ) =  0.04244698038699999
  ALPP( 1 , 1 ) =  1
  ALPP( 2 , 1 ) =  2
  ALPP( 3 , 1 ) =  3
  ALPP( 4 , 1 ) =  4
  ALPP( 5 , 1 ) =  5
  ALPP( 6 , 1 ) =  6
  ALPP( 7 , 1 ) =  7
  NALPHA( 2 ) =  7
  GAUS( 1 , 2 ) =  3.364206621861
  GAUS( 2 , 2 ) =  3.3957908339349996
  GAUS( 3 , 2 ) =  1.4654795075639997
  GAUS( 4 , 2 ) =  0.6866985244550001
  GAUS( 5 , 2 ) =  0.29993482966800006
  GAUS( 6 , 2 ) =  0.118280475103
  GAUS( 7 , 2 ) =  0.04244698038699999
  ALPP( 1 , 2 ) =  1
  ALPP( 2 , 2 ) =  2
  ALPP( 3 , 2 ) =  3
  ALPP( 4 , 2 ) =  4
  ALPP( 5 , 2 ) =  5
  ALPP( 6 , 2 ) =  6
  ALPP( 7 , 2 ) =  7
  Unknown keyword :7         
  Unknown keyword :3.36      
  Unknown keyword :3.39      
  Unknown keyword :1.46      
  Unknown keyword :0.68      
  Unknown keyword :0.29      
  Unknown keyword :0.11      
  Unknown keyword :0.04      
  Unknown keyword :1         
  Unknown keyword :2         
  Unknown keyword :3         
  Unknown keyword :4         
  Unknown keyword :5         
  Unknown keyword :6         
  Unknown keyword :7         
  Unknown keyword :          
 Zval =  42.
 finished reading input file.
  
  
 Total energy calculation for atom MO
  
 Pseudopotential calculation with  14.00 valence electrons.
 Goedecker pseudopotential
 Effective core charge is  14.0 .
  
 The exchange correlation functional is LDA .
  
  
   100 points

r(1) =       0.000000007128
r(n) =      27.592628200894
 ndep = 1
 Overlap matrix S
    1.000000    0.999984    0.881685    0.650060    0.405993    0.218051    0.104496
    0.999984    1.000000    0.879247    0.647050    0.403619    0.216631    0.103784
    0.881685    0.879247    1.000000    0.900092    0.650924    0.381224    0.190259
    0.650060    0.647050    0.900092    1.000000    0.882381    0.595837    0.320467
    0.405993    0.403619    0.650924    0.882381    1.000000    0.854870    0.535099
    0.218051    0.216631    0.381224    0.595837    0.854870    1.000000    0.827904
    0.104496    0.103784    0.190259    0.320467    0.535099    0.827904    1.000000
 Eigenvalues and eigenvectors of the overlap matrix S
    0.000001    0.712363   -0.064039    0.144413    0.236840    0.334698   -0.391975    0.381868
    0.003645   -0.701446   -0.093020    0.159328    0.245136    0.338460   -0.392620    0.380971
    0.027144   -0.018736    0.476168   -0.567931   -0.432199   -0.106778   -0.248025    0.436638
    0.136057    0.011372   -0.648016    0.174319   -0.385222   -0.455020   -0.001301    0.440588
    0.562113   -0.005387    0.512514    0.456735    0.312170   -0.429434    0.289814    0.403531
    1.835238    0.002011   -0.267214   -0.571458    0.478237    0.073968    0.509473    0.329064
    4.435803   -0.000502    0.080695    0.256232   -0.471658    0.604229    0.535848    0.230535
 alpha:  
        3.3642066219        3.3957908339        1.4654795076        0.6866985245
        0.2999348297        0.1182804751        0.0424469804
        3.3642066219        3.3957908339        1.4654795076        0.6866985245
        0.2999348297        0.1182804751        0.0424469804
        3.3642066219        3.3957908339        1.4654795076        0.6866985245
        0.2999348297        0.1182804751        0.0424469804
 galpha:  
        0.0000000000        0.0000000000        0.0000000000        0.0000000000
        0.0000000000        0.0000000000        0.0000000000
        0.0000000000        0.0000000000        0.0000000000        0.0000000000
        0.0000000000        0.0000000000        0.0000000000
        0.0000000000        0.0000000000        0.0000000000        0.0000000000
        0.0000000000        0.0000000000        0.0000000000
