  
        PROGRAM ATOM
        ------------
 reading input file...
  LMAX = 3
  OCCU( 1 , 0 ) =  2.
  OCCU( 2 , 0 ) =  2.
  OCCU( 1 , 1 ) =  6.
  OCCU( 1 , 2 ) =  0.
  OCCU( 1 , 3 ) =  5.
  NALPHA( 0 ) =  9
  GAUS( 1 , 0 ) =  2.570734279109
  GAUS( 2 , 0 ) =  2.5064899911869998
  GAUS( 3 , 0 ) =  1.616844098915
  GAUS( 4 , 0 ) =  0.741580223037
  GAUS( 5 , 0 ) =  0.37077055235800005
  GAUS( 6 , 0 ) =  0.180600931045
  GAUS( 7 , 0 ) =  0.08212699238100002
  GAUS( 8 , 0 ) =  0.034227296083
  GAUS( 9 , 0 ) =  0.012901710718
  ALPP( 1 , 0 ) =  1
  ALPP( 2 , 0 ) =  2
  ALPP( 3 , 0 ) =  3
  ALPP( 4 , 0 ) =  4
  ALPP( 5 , 0 ) =  5
  ALPP( 6 , 0 ) =  6
  ALPP( 7 , 0 ) =  7
  ALPP( 8 , 0 ) =  8
  ALPP( 9 , 0 ) =  9
  NALPHA( 1 ) =  9
  GAUS( 1 , 1 ) =  2.570734279109
  GAUS( 2 , 1 ) =  2.5064899911869998
  GAUS( 3 , 1 ) =  1.616844098915
  GAUS( 4 , 1 ) =  0.741580223037
  GAUS( 5 , 1 ) =  0.37077055235800005
  GAUS( 6 , 1 ) =  0.180600931045
  GAUS( 7 , 1 ) =  0.08212699238100002
  GAUS( 8 , 1 ) =  0.034227296083
  GAUS( 9 , 1 ) =  0.012901710718
  ALPP( 1 , 1 ) =  1
  ALPP( 2 , 1 ) =  2
  ALPP( 3 , 1 ) =  3
  ALPP( 4 , 1 ) =  4
  ALPP( 5 , 1 ) =  5
  ALPP( 6 , 1 ) =  6
  ALPP( 7 , 1 ) =  7
  ALPP( 8 , 1 ) =  8
  ALPP( 9 , 1 ) =  9
  NALPHA( 2 ) =  9
  GAUS( 1 , 2 ) =  2.570734279109
  GAUS( 2 , 2 ) =  2.5064899911869998
  GAUS( 3 , 2 ) =  1.616844098915
  GAUS( 4 , 2 ) =  0.741580223037
  GAUS( 5 , 2 ) =  0.37077055235800005
  GAUS( 6 , 2 ) =  0.180600931045
  GAUS( 7 , 2 ) =  0.08212699238100002
  GAUS( 8 , 2 ) =  0.034227296083
  GAUS( 9 , 2 ) =  0.012901710718
  ALPP( 1 , 2 ) =  1
  ALPP( 2 , 2 ) =  2
  ALPP( 3 , 2 ) =  3
  ALPP( 4 , 2 ) =  4
  ALPP( 5 , 2 ) =  5
  ALPP( 6 , 2 ) =  6
  ALPP( 7 , 2 ) =  7
  ALPP( 8 , 2 ) =  8
  ALPP( 9 , 2 ) =  9
  NALPHA( 3 ) =  9
  GAUS( 1 , 3 ) =  2.570734279109
  GAUS( 2 , 3 ) =  2.5064899911869998
  GAUS( 3 , 3 ) =  1.616844098915
  GAUS( 4 , 3 ) =  0.741580223037
  GAUS( 5 , 3 ) =  0.37077055235800005
  GAUS( 6 , 3 ) =  0.180600931045
  GAUS( 7 , 3 ) =  0.08212699238100002
  GAUS( 8 , 3 ) =  0.034227296083
  GAUS( 9 , 3 ) =  0.012901710718
  ALPP( 1 , 3 ) =  1
  ALPP( 2 , 3 ) =  2
  ALPP( 3 , 3 ) =  3
  ALPP( 4 , 3 ) =  4
  ALPP( 5 , 3 ) =  5
  ALPP( 6 , 3 ) =  6
  ALPP( 7 , 3 ) =  7
  ALPP( 8 , 3 ) =  8
  ALPP( 9 , 3 ) =  9
  Unknown keyword :9         
  Unknown keyword :2.57      
  Unknown keyword :2.50      
  Unknown keyword :1.61      
  Unknown keyword :0.74      
  Unknown keyword :0.37      
  Unknown keyword :0.18      
  Unknown keyword :0.08      
  Unknown keyword :0.03      
  Unknown keyword :0.01      
  Unknown keyword :1         
  Unknown keyword :2         
  Unknown keyword :3         
  Unknown keyword :4         
  Unknown keyword :5         
  Unknown keyword :6         
  Unknown keyword :7         
  Unknown keyword :8         
  Unknown keyword :9         
  Unknown keyword :          
 Zval =  61.
 finished reading input file.
  
  
 Total energy calculation for atom PM
  
 Pseudopotential calculation with  15.00 valence electrons.
 Goedecker pseudopotential
 Effective core charge is  15.0 .
  
 The exchange correlation functional is LDA .
  
  
   100 points

r(1) =       0.000000007128
r(n) =      27.592628200894
 ndep = 1
 Overlap matrix S
    1.000000    0.999880    0.960826    0.761218    0.540832    0.348588    0.203883    0.108684    0.052933
    0.999880    1.000000    0.964879    0.769175    0.548535    0.354373    0.207543    0.110711    0.053937
    0.960826    0.964879    1.000000    0.894812    0.687665    0.466233    0.280952    0.152117    0.074619
    0.761218    0.769175    0.894812    1.000000    0.915440    0.707097    0.463841    0.263216    0.132031
    0.540832    0.548535    0.687665    0.915440    1.000000    0.909384    0.676454    0.414929    0.216481
    0.348588    0.354373    0.466233    0.707097    0.909384    1.000000    0.892668    0.626221    0.352403
    0.203883    0.207543    0.280952    0.463841    0.676454    0.892668    1.000000    0.869992    0.567039
    0.108684    0.110711    0.152117    0.263216    0.414929    0.626221    0.869992    1.000000    0.842127
    0.052933    0.053937    0.074619    0.132031    0.216481    0.352403    0.567039    0.842127    1.000000
 Eigenvalues and eigenvectors of the overlap matrix S
    0.000001    0.675383   -0.135465    0.200625    0.217141    0.224885    0.251926    0.301681   -0.344028    0.338673
    0.000644   -0.732635   -0.041812    0.126819    0.169551    0.197582    0.237384    0.295400   -0.343242    0.340884
    0.003897    0.075587    0.388029   -0.562594   -0.453212   -0.247792   -0.042277    0.153479   -0.309518    0.373178
    0.017138   -0.030177   -0.510853    0.314462   -0.168951   -0.450543   -0.434121   -0.183297   -0.161099    0.399609
    0.070529    0.018950    0.560683    0.123362    0.466287    0.110272   -0.345832   -0.407201    0.030887    0.392565
    0.268842   -0.009961   -0.429408   -0.465746   -0.062227    0.474540    0.120818   -0.411025    0.233701    0.362457
    0.909182    0.004315    0.242005    0.465894   -0.446629   -0.065670    0.491067   -0.140670    0.403107    0.311668
    2.474425   -0.001529   -0.101724   -0.268714    0.479866   -0.520326    0.202564    0.286916    0.483254    0.244020
    5.255342    0.000359    0.026323    0.082861   -0.197769    0.365511   -0.523028    0.572461    0.436436    0.167286
 alpha:  
        2.5707342791        2.5064899912        1.6168440989        0.7415802230
        0.3707705524        0.1806009310        0.0821269924        0.0342272961
        0.0129017107
        2.5707342791        2.5064899912        1.6168440989        0.7415802230
        0.3707705524        0.1806009310        0.0821269924        0.0342272961
        0.0129017107
        2.5707342791        2.5064899912        1.6168440989        0.7415802230
        0.3707705524        0.1806009310        0.0821269924        0.0342272961
        0.0129017107
        2.5707342791        2.5064899912        1.6168440989        0.7415802230
        0.3707705524        0.1806009310        0.0821269924        0.0342272961
        0.0129017107
 galpha:  
        0.0000000000        0.0000000000        0.0000000000        0.0000000000
        0.0000000000        0.0000000000        0.0000000000        0.0000000000
        0.0000000000
        0.0000000000        0.0000000000        0.0000000000        0.0000000000
        0.0000000000        0.0000000000        0.0000000000        0.0000000000
        0.0000000000
        0.0000000000        0.0000000000        0.0000000000        0.0000000000
        0.0000000000        0.0000000000        0.0000000000        0.0000000000
        0.0000000000
        0.0000000000        0.0000000000        0.0000000000        0.0000000000
        0.0000000000        0.0000000000        0.0000000000        0.0000000000
        0.0000000000
