  
        PROGRAM ATOM
        ------------
 reading input file...
  LMAX = 1
  OCCU( 1 , 0 ) =  2.
  OCCU( 1 , 1 ) =  4.
  NALPHA( 0 ) =  9
  GAUS( 1 , 0 ) =  2.525883299581
  GAUS( 2 , 0 ) =  2.448159223276
  GAUS( 3 , 0 ) =  1.4323152748160002
  GAUS( 4 , 0 ) =  0.9202565337749999
  GAUS( 5 , 0 ) =  0.4703547519780001
  GAUS( 6 , 0 ) =  0.25195177719700007
  GAUS( 7 , 0 ) =  0.13140632599500002
  GAUS( 8 , 0 ) =  0.06723563440700002
  GAUS( 9 , 0 ) =  0.03238021246199999
  ALPP( 1 , 0 ) =  1
  ALPP( 2 , 0 ) =  2
  ALPP( 3 , 0 ) =  3
  ALPP( 4 , 0 ) =  4
  ALPP( 5 , 0 ) =  5
  ALPP( 6 , 0 ) =  6
  ALPP( 7 , 0 ) =  7
  ALPP( 8 , 0 ) =  8
  ALPP( 9 , 0 ) =  9
  NALPHA( 1 ) =  9
  GAUS( 1 , 1 ) =  2.525883299581
  GAUS( 2 , 1 ) =  2.448159223276
  GAUS( 3 , 1 ) =  1.4323152748160002
  GAUS( 4 , 1 ) =  0.9202565337749999
  GAUS( 5 , 1 ) =  0.4703547519780001
  GAUS( 6 , 1 ) =  0.25195177719700007
  GAUS( 7 , 1 ) =  0.13140632599500002
  GAUS( 8 , 1 ) =  0.06723563440700002
  GAUS( 9 , 1 ) =  0.03238021246199999
  ALPP( 1 , 1 ) =  1
  ALPP( 2 , 1 ) =  2
  ALPP( 3 , 1 ) =  3
  ALPP( 4 , 1 ) =  4
  ALPP( 5 , 1 ) =  5
  ALPP( 6 , 1 ) =  6
  ALPP( 7 , 1 ) =  7
  ALPP( 8 , 1 ) =  8
  ALPP( 9 , 1 ) =  9
  Unknown keyword :          
 Zval =  52.
 finished reading input file.
  
  
 Total energy calculation for atom TE
  
 Pseudopotential calculation with   6.00 valence electrons.
 Goedecker pseudopotential
 Effective core charge is   6.0 .
  
 The exchange correlation functional is LDA .
  
  
   100 points

r(1) =       0.000000007128
r(n) =      27.592628200894
 ndep = 1
 Overlap matrix S
    1.000000    0.999817    0.942188    0.832314    0.620597    0.435295    0.285535    0.179193    0.105717
    0.999817    1.000000    0.948149    0.841333    0.630596    0.443701    0.291620    0.183217    0.108160
    0.942188    0.948149    1.000000    0.964254    0.801397    0.602484    0.413330    0.266276    0.159464
    0.832314    0.841333    0.964254    1.000000    0.920422    0.744659    0.537804    0.357582    0.218170
    0.620597    0.630596    0.801397    0.920422    1.000000    0.930615    0.751087    0.538129    0.344005
    0.435295    0.443701    0.602484    0.744659    0.930615    1.000000    0.924886    0.736485    0.506412
    0.285535    0.291620    0.413330    0.537804    0.751087    0.924886    1.000000    0.920662    0.710886
    0.179193    0.183217    0.266276    0.357582    0.538129    0.736485    0.920662    1.000000    0.906696
    0.105717    0.108160    0.159464    0.218170    0.344005    0.506412    0.710886    0.906696    1.000000
 Eigenvalues and eigenvectors of the overlap matrix S
    0.000001    0.659156   -0.154395    0.141520    0.161842    0.234922    0.304067    0.337121   -0.360594    0.322694
    0.000119   -0.729751    0.066002    0.019595    0.094069    0.189837    0.276993    0.325836   -0.359171    0.325479
    0.000885    0.140376    0.385646   -0.475997   -0.443186   -0.379715   -0.187516    0.078318   -0.300115    0.364742
    0.006154   -0.099293   -0.552035    0.392482   -0.014254   -0.364621   -0.429425   -0.159792   -0.203714    0.383100
    0.034790    0.048528    0.500711    0.092721    0.503424    0.256563   -0.302768   -0.422217   -0.000639    0.386186
    0.155742   -0.028682   -0.423702   -0.453341   -0.235276    0.421759    0.173489   -0.419372    0.202133    0.366158
    0.647520    0.014250    0.269248    0.520638   -0.371380   -0.181493    0.464703   -0.152087    0.372901    0.327477
    2.345436   -0.005470   -0.121482   -0.323837    0.523072   -0.472504    0.179014    0.242939    0.465773    0.274714
    5.809353    0.001184    0.029191    0.094468   -0.219143    0.362955   -0.491414    0.558769    0.461022    0.210261
 alpha:  
        2.5258832996        2.4481592233        1.4323152748        0.9202565338
        0.4703547520        0.2519517772        0.1314063260        0.0672356344
        0.0323802125
        2.5258832996        2.4481592233        1.4323152748        0.9202565338
        0.4703547520        0.2519517772        0.1314063260        0.0672356344
        0.0323802125
 galpha:  
        0.0000000000        0.0000000000        0.0000000000        0.0000000000
        0.0000000000        0.0000000000        0.0000000000        0.0000000000
        0.0000000000
        0.0000000000        0.0000000000        0.0000000000        0.0000000000
        0.0000000000        0.0000000000        0.0000000000        0.0000000000
        0.0000000000
