  
        PROGRAM ATOM
        ------------
 reading input file...
  LMAX = 1
  OCCU( 1 , 0 ) =  2.
  OCCU( 1 , 1 ) =  4.
  NALPHA( 0 ) =  7
  GAUS( 1 , 0 ) =  7.500624991427
  GAUS( 2 , 0 ) =  7.464654168214999
  GAUS( 3 , 0 ) =  1.590727017678
  GAUS( 4 , 0 ) =  1.3019217519759998
  GAUS( 5 , 0 ) =  0.2992689972370001
  GAUS( 6 , 0 ) =  0.128640061828
  GAUS( 7 , 0 ) =  0.05218522770400001
  ALPP( 1 , 0 ) =  1
  ALPP( 2 , 0 ) =  2
  ALPP( 3 , 0 ) =  3
  ALPP( 4 , 0 ) =  4
  ALPP( 5 , 0 ) =  5
  ALPP( 6 , 0 ) =  6
  ALPP( 7 , 0 ) =  7
  NALPHA( 1 ) =  7
  GAUS( 1 , 1 ) =  7.500624991427
  GAUS( 2 , 1 ) =  7.464654168214999
  GAUS( 3 , 1 ) =  1.590727017678
  GAUS( 4 , 1 ) =  1.3019217519759998
  GAUS( 5 , 1 ) =  0.2992689972370001
  GAUS( 6 , 1 ) =  0.128640061828
  GAUS( 7 , 1 ) =  0.05218522770400001
  ALPP( 1 , 1 ) =  1
  ALPP( 2 , 1 ) =  2
  ALPP( 3 , 1 ) =  3
  ALPP( 4 , 1 ) =  4
  ALPP( 5 , 1 ) =  5
  ALPP( 6 , 1 ) =  6
  ALPP( 7 , 1 ) =  7
  Unknown keyword :          
 Zval =  84.
 finished reading input file.
  
  
 Total energy calculation for atom PO
  
 Pseudopotential calculation with   6.00 valence electrons.
 Goedecker pseudopotential
 Effective core charge is   6.0 .
  
 The exchange correlation functional is LDA .
  
  
   100 points

r(1) =       0.000000007128
r(n) =      27.592628200894
 ndep = 1
 Overlap matrix S
    1.000000    0.999996    0.662403    0.598266    0.238112    0.130670    0.067432
    0.999996    1.000000    0.663955    0.599785    0.238906    0.131126    0.067672
    0.662403    0.663955    1.000000    0.992514    0.623874    0.381699    0.207721
    0.598266    0.599785    0.992514    1.000000    0.688439    0.432769    0.238872
    0.238112    0.238906    0.623874    0.688439    1.000000    0.878206    0.599720
    0.130670    0.131126    0.381699    0.432769    0.878206    1.000000    0.862679
    0.067432    0.067672    0.207721    0.238872    0.599720    0.862679    1.000000
 Eigenvalues and eigenvectors of the overlap matrix S
    0.000001    0.705461    0.042344    0.034247   -0.143647    0.415701   -0.422787    0.356607
    0.001313   -0.708235    0.004432    0.029884   -0.141418    0.413890   -0.422705    0.357082
    0.022314    0.019918   -0.673262   -0.223089    0.340504   -0.388455   -0.172841    0.447033
    0.222303   -0.018030    0.709797    0.047944    0.271978   -0.453124   -0.114815    0.448428
    0.714789    0.002168   -0.160460    0.537393   -0.595462   -0.240221    0.335343    0.400899
    2.013479   -0.001373    0.117806   -0.732236   -0.254449    0.168217    0.490145    0.341565
    4.025801    0.000411   -0.038302    0.347714    0.591719    0.462240    0.496809    0.258865
 alpha:  
        7.5006249914        7.4646541682        1.5907270177        1.3019217520
        0.2992689972        0.1286400618        0.0521852277
        7.5006249914        7.4646541682        1.5907270177        1.3019217520
        0.2992689972        0.1286400618        0.0521852277
 galpha:  
        0.0000000000        0.0000000000        0.0000000000        0.0000000000
        0.0000000000        0.0000000000        0.0000000000
        0.0000000000        0.0000000000        0.0000000000        0.0000000000
        0.0000000000        0.0000000000        0.0000000000
