  
        PROGRAM ATOM
        ------------
 reading input file...
  LMAX = 1
  OCCU( 1 , 0 ) =  2.
  OCCU( 1 , 1 ) =  6.
  NALPHA( 0 ) =  6
  GAUS( 1 , 0 ) =  1.8159995975129997
  GAUS( 2 , 0 ) =  1.7990994769180002
  GAUS( 3 , 0 ) =  0.791836087311
  GAUS( 4 , 0 ) =  0.3670514949290001
  GAUS( 5 , 0 ) =  0.16257488541700002
  GAUS( 6 , 0 ) =  0.067895396593
  ALPP( 1 , 0 ) =  1
  ALPP( 2 , 0 ) =  2
  ALPP( 3 , 0 ) =  3
  ALPP( 4 , 0 ) =  4
  ALPP( 5 , 0 ) =  5
  ALPP( 6 , 0 ) =  6
  NALPHA( 1 ) =  6
  GAUS( 1 , 1 ) =  1.8159995975129997
  GAUS( 2 , 1 ) =  1.7990994769180002
  GAUS( 3 , 1 ) =  0.791836087311
  GAUS( 4 , 1 ) =  0.3670514949290001
  GAUS( 5 , 1 ) =  0.16257488541700002
  GAUS( 6 , 1 ) =  0.067895396593
  ALPP( 1 , 1 ) =  1
  ALPP( 2 , 1 ) =  2
  ALPP( 3 , 1 ) =  3
  ALPP( 4 , 1 ) =  4
  ALPP( 5 , 1 ) =  5
  ALPP( 6 , 1 ) =  6
  Unknown keyword :          
 Zval =  54.
 finished reading input file.
  
  
 Total energy calculation for atom XE
  
 Pseudopotential calculation with   8.00 valence electrons.
 Goedecker pseudopotential
 Effective core charge is   8.0 .
  
 The exchange correlation functional is LDA .
  
  
   100 points

r(1) =       0.000000007128
r(n) =      27.592628200894
 ndep = 1
 Overlap matrix S
    1.000000    0.999984    0.881938    0.646891    0.407046    0.227602
    0.999984    1.000000    0.884358    0.649903    0.409436    0.229088
    0.881938    0.884358    1.000000    0.897439    0.651941    0.396148
    0.646891    0.649903    0.897439    1.000000    0.885984    0.618466
    0.407046    0.409436    0.651941    0.885984    1.000000    0.870548
    0.227602    0.229088    0.396148    0.618466    0.870548    1.000000
 Eigenvalues and eigenvectors of the overlap matrix S
    0.000001    0.701445    0.105837    0.203796    0.324591   -0.427802    0.408493
    0.004519   -0.712393    0.077288    0.189551    0.318130   -0.426356    0.409399
    0.043249    0.018347   -0.526201   -0.615480   -0.310467   -0.189609    0.460020
    0.285172   -0.010591    0.675835   -0.004458   -0.560988    0.154056    0.452410
    1.391134    0.004609   -0.472575    0.619531   -0.125856    0.468846    0.396456
    4.275925   -0.001181    0.160804   -0.399854    0.605390    0.596411    0.303405
 alpha:  
        1.8159995975        1.7990994769        0.7918360873        0.3670514949
        0.1625748854        0.0678953966
        1.8159995975        1.7990994769        0.7918360873        0.3670514949
        0.1625748854        0.0678953966
 galpha:  
        0.0000000000        0.0000000000        0.0000000000        0.0000000000
        0.0000000000        0.0000000000
        0.0000000000        0.0000000000        0.0000000000        0.0000000000
        0.0000000000        0.0000000000
