  
        PROGRAM ATOM
        ------------
 reading input file...
  LMAX = 0
  OCCU( 1 , 0 ) =  2.
  NALPHA( 0 ) =  8
  GAUS( 1 , 0 ) =  4.083134986199999
  GAUS( 2 , 0 ) =  1.2506438931019999
  GAUS( 3 , 0 ) =  1.1071346108819997
  GAUS( 4 , 0 ) =  1.0197517009519999
  GAUS( 5 , 0 ) =  0.25686351055900003
  GAUS( 6 , 0 ) =  0.05121415797000001
  GAUS( 7 , 0 ) =  0.025114584095000003
  GAUS( 8 , 0 ) =  0.011765617028999998
  ALPP( 1 , 0 ) =  1
  ALPP( 2 , 0 ) =  2
  ALPP( 3 , 0 ) =  3
  ALPP( 4 , 0 ) =  4
  ALPP( 5 , 0 ) =  5
  ALPP( 6 , 0 ) =  6
  ALPP( 7 , 0 ) =  7
  ALPP( 8 , 0 ) =  8
  Unknown keyword :          
 Zval =  56.
 finished reading input file.
  
  
 Total energy calculation for atom BA
  
 Pseudopotential calculation with   2.00 valence electrons.
 Goedecker pseudopotential
 Effective core charge is   2.0 .
  
 The exchange correlation functional is LDA .
  
  
   100 points

r(1) =       0.000000007128
r(n) =      27.592628200894
 ndep = 1
 Overlap matrix S
    1.000000    0.779988    0.741576    0.715216    0.324215    0.104045    0.061553    0.035026
    0.779988    1.000000    0.997220    0.992233    0.652053    0.242433    0.146449    0.084247
    0.741576    0.997220    1.000000    0.998734    0.691435    0.263620    0.159855    0.092144
    0.715216    0.992233    0.998734    1.000000    0.717964    0.278801    0.169539    0.097873
    0.324215    0.652053    0.691435    0.717964    1.000000    0.642501    0.429975    0.261850
    0.104045    0.242433    0.263620    0.278801    0.642501    1.000000    0.910961    0.688251
    0.061553    0.146449    0.159855    0.169539    0.429975    0.910961    1.000000    0.900037
    0.035026    0.084247    0.092144    0.097873    0.261850    0.688251    0.900037    1.000000
 Eigenvalues and eigenvectors of the overlap matrix S
    0.000001   -0.003577    0.072103   -0.037267    0.313514    0.609936    0.587744   -0.258430    0.332954
    0.001093    0.328543   -0.739540    0.109132   -0.219903   -0.189050    0.062370   -0.238757    0.433864
    0.011399   -0.809030    0.090648    0.018960   -0.194740   -0.238067   -0.010849   -0.225492    0.437414
    0.121220    0.487329    0.648093   -0.049753   -0.166936   -0.263578   -0.060432   -0.215251    0.438959
    0.281451   -0.004347   -0.093130   -0.148318    0.621171    0.123964   -0.642204    0.079065    0.386539
    0.646768    0.002298    0.074035    0.531288   -0.396451    0.466769   -0.201021    0.467623    0.279498
    2.477884   -0.002008   -0.069936   -0.748317   -0.248509    0.038037    0.158166    0.539856    0.235505
    4.460184    0.000662    0.024399    0.345867    0.427524   -0.481042    0.411152    0.512506    0.184101
 alpha:  
        4.0831349862        1.2506438931        1.1071346109        1.0197517010
        0.2568635106        0.0512141580        0.0251145841        0.0117656170
 galpha:  
        0.0000000000        0.0000000000        0.0000000000        0.0000000000
        0.0000000000        0.0000000000        0.0000000000        0.0000000000
