  
        PROGRAM ATOM
        ------------
 reading input file...
  LMAX = 2
  OCCU( 1 , 0 ) =  2.
  OCCU( 2 , 0 ) =  2.
  OCCU( 1 , 1 ) =  6.
  OCCU( 1 , 2 ) =  1.
  NALPHA( 0 ) =  7
  GAUS( 1 , 0 ) =  2.190328450177
  GAUS( 2 , 0 ) =  2.1460848811160003
  GAUS( 3 , 0 ) =  1.449503861472
  GAUS( 4 , 0 ) =  0.5054809919909998
  GAUS( 5 , 0 ) =  0.220615111401
  GAUS( 6 , 0 ) =  0.08685180468199999
  GAUS( 7 , 0 ) =  0.033121580565
  ALPP( 1 , 0 ) =  1
  ALPP( 2 , 0 ) =  2
  ALPP( 3 , 0 ) =  3
  ALPP( 4 , 0 ) =  4
  ALPP( 5 , 0 ) =  5
  ALPP( 6 , 0 ) =  6
  ALPP( 7 , 0 ) =  7
  NALPHA( 1 ) =  7
  GAUS( 1 , 1 ) =  2.190328450177
  GAUS( 2 , 1 ) =  2.1460848811160003
  GAUS( 3 , 1 ) =  1.449503861472
  GAUS( 4 , 1 ) =  0.5054809919909998
  GAUS( 5 , 1 ) =  0.220615111401
  GAUS( 6 , 1 ) =  0.08685180468199999
  GAUS( 7 , 1 ) =  0.033121580565
  ALPP( 1 , 1 ) =  1
  ALPP( 2 , 1 ) =  2
  ALPP( 3 , 1 ) =  3
  ALPP( 4 , 1 ) =  4
  ALPP( 5 , 1 ) =  5
  ALPP( 6 , 1 ) =  6
  ALPP( 7 , 1 ) =  7
  NALPHA( 2 ) =  7
  GAUS( 1 , 2 ) =  2.190328450177
  GAUS( 2 , 2 ) =  2.1460848811160003
  GAUS( 3 , 2 ) =  1.449503861472
  GAUS( 4 , 2 ) =  0.5054809919909998
  GAUS( 5 , 2 ) =  0.220615111401
  GAUS( 6 , 2 ) =  0.08685180468199999
  GAUS( 7 , 2 ) =  0.033121580565
  ALPP( 1 , 2 ) =  1
  ALPP( 2 , 2 ) =  2
  ALPP( 3 , 2 ) =  3
  ALPP( 4 , 2 ) =  4
  ALPP( 5 , 2 ) =  5
  ALPP( 6 , 2 ) =  6
  ALPP( 7 , 2 ) =  7
  Unknown keyword :7         
  Unknown keyword :2.19      
  Unknown keyword :2.14      
  Unknown keyword :1.44      
  Unknown keyword :0.50      
  Unknown keyword :0.22      
  Unknown keyword :0.08      
  Unknown keyword :0.03      
  Unknown keyword :1         
  Unknown keyword :2         
  Unknown keyword :3         
  Unknown keyword :4         
  Unknown keyword :5         
  Unknown keyword :6         
  Unknown keyword :7         
  Unknown keyword :          
 Zval =  57.
 finished reading input file.
  
  
 Total energy calculation for atom LA
  
 Pseudopotential calculation with  11.00 valence electrons.
 Goedecker pseudopotential
 Effective core charge is  11.0 .
  
 The exchange correlation functional is LDA .
  
  
   100 points

r(1) =       0.000000007128
r(n) =      27.592628200894
 ndep = 1
 Overlap matrix S
    1.000000    0.999922    0.968767    0.689718    0.437898    0.237091    0.119253
    0.999922    1.000000    0.971717    0.696314    0.443396    0.240464    0.121036
    0.968767    0.971717    1.000000    0.819451    0.557269    0.313911    0.160693
    0.689718    0.696314    0.819451    1.000000    0.882183    0.595058    0.333046
    0.437898    0.443396    0.557269    0.882183    1.000000    0.854394    0.553070
    0.237091    0.240464    0.313911    0.595058    0.854394    1.000000    0.845444
    0.119253    0.121036    0.160693    0.333046    0.553070    0.845444    1.000000
 Eigenvalues and eigenvectors of the overlap matrix S
    0.000001    0.683248   -0.236729    0.259610    0.220373    0.269725   -0.360009    0.398512
    0.003619   -0.728259   -0.166272    0.212750    0.200186    0.261190   -0.358103    0.400246
    0.017682    0.051669    0.626883   -0.537498   -0.196681    0.065730   -0.300415    0.426837
    0.097959   -0.010243   -0.509174   -0.114766   -0.551290   -0.483724    0.014419    0.435142
    0.509414    0.005525    0.444716    0.521030    0.223086   -0.482710    0.304667    0.393860
    1.885056   -0.002224   -0.245139   -0.515432    0.547918    0.058695    0.518222    0.319403
    4.486269    0.000599    0.078776    0.219366   -0.467735    0.619891    0.538816    0.228711
 alpha:  
        2.1903284502        2.1460848811        1.4495038615        0.5054809920
        0.2206151114        0.0868518047        0.0331215806
        2.1903284502        2.1460848811        1.4495038615        0.5054809920
        0.2206151114        0.0868518047        0.0331215806
        2.1903284502        2.1460848811        1.4495038615        0.5054809920
        0.2206151114        0.0868518047        0.0331215806
 galpha:  
        0.0000000000        0.0000000000        0.0000000000        0.0000000000
        0.0000000000        0.0000000000        0.0000000000
        0.0000000000        0.0000000000        0.0000000000        0.0000000000
        0.0000000000        0.0000000000        0.0000000000
        0.0000000000        0.0000000000        0.0000000000        0.0000000000
        0.0000000000        0.0000000000        0.0000000000
