  
        PROGRAM ATOM
        ------------
 reading input file...
  LMAX = 3
  OCCU( 1 , 0 ) =  2.
  OCCU( 2 , 0 ) =  2.
  OCCU( 1 , 1 ) =  6.
  OCCU( 1 , 2 ) =  0.
  OCCU( 1 , 3 ) =  10.
  NALPHA( 0 ) =  8
  GAUS( 1 , 0 ) =  3.142340219382
  GAUS( 2 , 0 ) =  3.1037208971470007
  GAUS( 3 , 0 ) =  1.4399186346719999
  GAUS( 4 , 0 ) =  0.769561752833
  GAUS( 5 , 0 ) =  0.3773835914460001
  GAUS( 6 , 0 ) =  0.17114537980300001
  GAUS( 7 , 0 ) =  0.069550380913
  GAUS( 8 , 0 ) =  0.024236668310999996
  ALPP( 1 , 0 ) =  1
  ALPP( 2 , 0 ) =  2
  ALPP( 3 , 0 ) =  3
  ALPP( 4 , 0 ) =  4
  ALPP( 5 , 0 ) =  5
  ALPP( 6 , 0 ) =  6
  ALPP( 7 , 0 ) =  7
  ALPP( 8 , 0 ) =  8
  NALPHA( 1 ) =  8
  GAUS( 1 , 1 ) =  3.142340219382
  GAUS( 2 , 1 ) =  3.1037208971470007
  GAUS( 3 , 1 ) =  1.4399186346719999
  GAUS( 4 , 1 ) =  0.769561752833
  GAUS( 5 , 1 ) =  0.3773835914460001
  GAUS( 6 , 1 ) =  0.17114537980300001
  GAUS( 7 , 1 ) =  0.069550380913
  GAUS( 8 , 1 ) =  0.024236668310999996
  ALPP( 1 , 1 ) =  1
  ALPP( 2 , 1 ) =  2
  ALPP( 3 , 1 ) =  3
  ALPP( 4 , 1 ) =  4
  ALPP( 5 , 1 ) =  5
  ALPP( 6 , 1 ) =  6
  ALPP( 7 , 1 ) =  7
  ALPP( 8 , 1 ) =  8
  NALPHA( 2 ) =  8
  GAUS( 1 , 2 ) =  3.142340219382
  GAUS( 2 , 2 ) =  3.1037208971470007
  GAUS( 3 , 2 ) =  1.4399186346719999
  GAUS( 4 , 2 ) =  0.769561752833
  GAUS( 5 , 2 ) =  0.3773835914460001
  GAUS( 6 , 2 ) =  0.17114537980300001
  GAUS( 7 , 2 ) =  0.069550380913
  GAUS( 8 , 2 ) =  0.024236668310999996
  ALPP( 1 , 2 ) =  1
  ALPP( 2 , 2 ) =  2
  ALPP( 3 , 2 ) =  3
  ALPP( 4 , 2 ) =  4
  ALPP( 5 , 2 ) =  5
  ALPP( 6 , 2 ) =  6
  ALPP( 7 , 2 ) =  7
  ALPP( 8 , 2 ) =  8
  NALPHA( 3 ) =  8
  GAUS( 1 , 3 ) =  3.142340219382
  GAUS( 2 , 3 ) =  3.1037208971470007
  GAUS( 3 , 3 ) =  1.4399186346719999
  GAUS( 4 , 3 ) =  0.769561752833
  GAUS( 5 , 3 ) =  0.3773835914460001
  GAUS( 6 , 3 ) =  0.17114537980300001
  GAUS( 7 , 3 ) =  0.069550380913
  GAUS( 8 , 3 ) =  0.024236668310999996
  ALPP( 1 , 3 ) =  1
  ALPP( 2 , 3 ) =  2
  ALPP( 3 , 3 ) =  3
  ALPP( 4 , 3 ) =  4
  ALPP( 5 , 3 ) =  5
  ALPP( 6 , 3 ) =  6
  ALPP( 7 , 3 ) =  7
  ALPP( 8 , 3 ) =  8
  Unknown keyword :8         
  Unknown keyword :3.14      
  Unknown keyword :3.10      
  Unknown keyword :1.43      
  Unknown keyword :0.76      
  Unknown keyword :0.37      
  Unknown keyword :0.17      
  Unknown keyword :0.06      
  Unknown keyword :0.02      
  Unknown keyword :1         
  Unknown keyword :2         
  Unknown keyword :3         
  Unknown keyword :4         
  Unknown keyword :5         
  Unknown keyword :6         
  Unknown keyword :7         
  Unknown keyword :8         
  Unknown keyword :          
 Zval =  66.
 finished reading input file.
  
  
 Total energy calculation for atom DY
  
 Pseudopotential calculation with  20.00 valence electrons.
 Goedecker pseudopotential
 Effective core charge is  20.0 .
  
 The exchange correlation functional is LDA .
  
  
   100 points

r(1) =       0.000000007128
r(n) =      27.592628200894
 ndep = 1
 Overlap matrix S
    1.000000    0.999971    0.894579    0.708901    0.486754    0.294497    0.157061    0.072770
    0.999971    1.000000    0.897645    0.712887    0.490308    0.296955    0.158460    0.073438
    0.894579    0.897645    1.000000    0.930135    0.730710    0.483786    0.271511    0.128906
    0.708901    0.712887    0.930135    1.000000    0.910963    0.677750    0.409470    0.201845
    0.486754    0.490308    0.730710    0.910963    1.000000    0.891983    0.617294    0.328673
    0.294497    0.296955    0.483786    0.677750    0.891983    1.000000    0.863159    0.535299
    0.157061    0.158460    0.271511    0.409470    0.617294    0.863159    1.000000    0.819238
    0.072770    0.073438    0.128906    0.201845    0.328673    0.535299    0.819238    1.000000
 Eigenvalues and eigenvectors of the overlap matrix S
    0.000001    0.697671    0.084149    0.124912    0.189981    0.271990    0.345415   -0.370525    0.351993
    0.001059   -0.715091    0.028650    0.098468    0.174762    0.263280    0.341537   -0.369995    0.353167
    0.009246    0.033393   -0.418819   -0.525046   -0.475614   -0.286719    0.006125   -0.270801    0.407449
    0.049776   -0.024401    0.634687    0.290817   -0.195443   -0.446984   -0.292941   -0.105412    0.420813
    0.208381    0.012593   -0.541425    0.325577    0.451891   -0.106684   -0.453556    0.125407    0.404565
    0.726549   -0.005272    0.319200   -0.577108    0.192533    0.435216   -0.288271    0.357177    0.357592
    2.094100    0.001762   -0.133016    0.397393   -0.575954    0.350246    0.180898    0.506838    0.283510
    4.910888   -0.000395    0.033743   -0.132204    0.309775   -0.501235    0.597202    0.491104    0.190663
 alpha:  
        3.1423402194        3.1037208971        1.4399186347        0.7695617528
        0.3773835914        0.1711453798        0.0695503809        0.0242366683
        3.1423402194        3.1037208971        1.4399186347        0.7695617528
        0.3773835914        0.1711453798        0.0695503809        0.0242366683
        3.1423402194        3.1037208971        1.4399186347        0.7695617528
        0.3773835914        0.1711453798        0.0695503809        0.0242366683
        3.1423402194        3.1037208971        1.4399186347        0.7695617528
        0.3773835914        0.1711453798        0.0695503809        0.0242366683
 galpha:  
        0.0000000000        0.0000000000        0.0000000000        0.0000000000
        0.0000000000        0.0000000000        0.0000000000        0.0000000000
        0.0000000000        0.0000000000        0.0000000000        0.0000000000
        0.0000000000        0.0000000000        0.0000000000        0.0000000000
        0.0000000000        0.0000000000        0.0000000000        0.0000000000
        0.0000000000        0.0000000000        0.0000000000        0.0000000000
        0.0000000000        0.0000000000        0.0000000000        0.0000000000
        0.0000000000        0.0000000000        0.0000000000        0.0000000000
