  
        PROGRAM ATOM
        ------------
 reading input file...
  LMAX = 2
  OCCU( 1 , 0 ) =  2.
  OCCU( 1 , 1 ) =  0.
  OCCU( 1 , 2 ) =  5.
  NALPHA( 0 ) =  6
  GAUS( 1 , 0 ) =  1.607831144726
  GAUS( 2 , 0 ) =  1.594529654506
  GAUS( 3 , 0 ) =  0.673236405517
  GAUS( 4 , 0 ) =  0.2954350979790001
  GAUS( 5 , 0 ) =  0.12274170243200003
  GAUS( 6 , 0 ) =  0.048625252926
  ALPP( 1 , 0 ) =  1
  ALPP( 2 , 0 ) =  2
  ALPP( 3 , 0 ) =  3
  ALPP( 4 , 0 ) =  4
  ALPP( 5 , 0 ) =  5
  ALPP( 6 , 0 ) =  6
  NALPHA( 1 ) =  6
  GAUS( 1 , 1 ) =  1.607831144726
  GAUS( 2 , 1 ) =  1.594529654506
  GAUS( 3 , 1 ) =  0.673236405517
  GAUS( 4 , 1 ) =  0.2954350979790001
  GAUS( 5 , 1 ) =  0.12274170243200003
  GAUS( 6 , 1 ) =  0.048625252926
  ALPP( 1 , 1 ) =  1
  ALPP( 2 , 1 ) =  2
  ALPP( 3 , 1 ) =  3
  ALPP( 4 , 1 ) =  4
  ALPP( 5 , 1 ) =  5
  ALPP( 6 , 1 ) =  6
  NALPHA( 2 ) =  6
  GAUS( 1 , 2 ) =  1.607831144726
  GAUS( 2 , 2 ) =  1.594529654506
  GAUS( 3 , 2 ) =  0.673236405517
  GAUS( 4 , 2 ) =  0.2954350979790001
  GAUS( 5 , 2 ) =  0.12274170243200003
  GAUS( 6 , 2 ) =  0.048625252926
  ALPP( 1 , 2 ) =  1
  ALPP( 2 , 2 ) =  2
  ALPP( 3 , 2 ) =  3
  ALPP( 4 , 2 ) =  4
  ALPP( 5 , 2 ) =  5
  ALPP( 6 , 2 ) =  6
  Unknown keyword :          
 Zval =  75.
 finished reading input file.
  
  
 Total energy calculation for atom RE
  
 Pseudopotential calculation with   7.00 valence electrons.
 Goedecker pseudopotential
 Effective core charge is   7.0 .
  
 The exchange correlation functional is LDA .
  
  
   100 points

r(1) =       0.000000007128
r(n) =      27.592628200894
 ndep = 1
 Overlap matrix S
    1.000000    0.999987    0.871252    0.616343    0.367862    0.196156
    0.999987    1.000000    0.873470    0.618993    0.369833    0.197310
    0.871252    0.873470    1.000000    0.883593    0.613851    0.354925
    0.616343    0.618993    0.883593    1.000000    0.869152    0.581549
    0.367862    0.369833    0.613851    0.869152    1.000000    0.856140
    0.196156    0.197310    0.354925    0.581549    0.856140    1.000000
 Eigenvalues and eigenvectors of the overlap matrix S
    0.000001    0.702556    0.108374    0.205866    0.323710   -0.422023    0.411580
    0.006685   -0.711426    0.086087    0.194437    0.318493   -0.420900    0.412385
    0.054935    0.014572   -0.533941   -0.609243   -0.303228   -0.189893    0.464232
    0.325935   -0.007987    0.668260   -0.008411   -0.567067    0.161504    0.453482
    1.458954    0.003449   -0.470553    0.617597   -0.113836    0.480594    0.391424
    4.153491   -0.000920    0.166612   -0.408828    0.606055    0.592980    0.293549
 alpha:  
        1.6078311447        1.5945296545        0.6732364055        0.2954350980
        0.1227417024        0.0486252529
        1.6078311447        1.5945296545        0.6732364055        0.2954350980
        0.1227417024        0.0486252529
        1.6078311447        1.5945296545        0.6732364055        0.2954350980
        0.1227417024        0.0486252529
 galpha:  
        0.0000000000        0.0000000000        0.0000000000        0.0000000000
        0.0000000000        0.0000000000
        0.0000000000        0.0000000000        0.0000000000        0.0000000000
        0.0000000000        0.0000000000
        0.0000000000        0.0000000000        0.0000000000        0.0000000000
        0.0000000000        0.0000000000
